%YAML:1.0
Frames:
   -
      HighResImage: "../../build/relative_chessboard_highres_1.png"
      KinectColorImage: "../../build/relative_chessboard_1.png"
      KinectDepthPointCloud: "../../build/relative_chessboard_1.spc"
   -
      HighResImage: "../../build/relative_chessboard_highres_2.png"
      KinectColorImage: "../../build/relative_chessboard_2.png"
      KinectDepthPointCloud: "../../build/relative_chessboard_2.spc"
KeyPoints:
   -
      FrameInstances:
         -
            FrameIndex: 0
            Pos: [ 8.8347822427749634e-02, 9.9478259682655334e-02,
                8.0000001192092896e-01 ]
         -
            FrameIndex: 1
            Pos: [ 6.9270603358745575e-02, 1.0093700140714645e-01,
                7.5867897272109985e-01 ]
   -
      FrameInstances:
         -
            FrameIndex: 0
            Pos: [ 2.9913000762462616e-02, 9.9478296935558319e-02,
                8.0000001192092896e-01 ]
         -
            FrameIndex: 1
            Pos: [ 2.3164000362157822e-02, 1.0079500079154968e-01,
                7.1996200084686279e-01 ]
   -
      FrameInstances:
         -
            FrameIndex: 0
            Pos: [ 8.9739099144935608e-02, 6.9565197918564081e-04,
                8.0000001192092896e-01 ]
         -
            FrameIndex: 1
            Pos: [ 6.7843899130821228e-02, 6.5867899684235454e-04,
                7.5748097896575928e-01 ]
