%YAML:1.0
Frames:
   -
      HighResImage: "../images/high_res/new_cracker_z4_0001.jpg"
      KinectColorImage: "../images/kinect/new_cracker_0001.jpg"
      KinectDepthPointCloud: "../point_clouds/new_cracker_0001.spc"
      BoxFilter:
         Transform: !!opencv-matrix
            rows: 4
            cols: 4
            dt: f
            data: [ 1., 0., 0., -1.32496115e-02, 0., 1., 0.,
                -8.33621770e-02, 0., 0., 1., 6.30754173e-01, 0., 0., 0.,
                1. ]
         Dimensions: !!opencv-matrix
            rows: 3
            cols: 1
            dt: f
            data: [ 1.23508289e-01, 2.18131572e-01, 1.43508285e-01 ]
   -
      HighResImage: "../images/high_res/new_cracker_z4_0002.jpg"
      KinectColorImage: "../images/kinect/new_cracker_0002.jpg"
      KinectDepthPointCloud: "../point_clouds/new_cracker_0002.spc"
      BoxFilter:
         Transform: !!opencv-matrix
            rows: 4
            cols: 4
            dt: f
            data: [ 1., 0., 0., 5.52707212e-03, 0., 1., 0.,
                -3.96943130e-02, 0., 0., 1., 5.74075997e-01, 0., 0., 0.,
                1. ]
         Dimensions: !!opencv-matrix
            rows: 3
            cols: 1
            dt: f
            data: [ 2.08151966e-01, 2.06506491e-01, 2.28151962e-01 ]
   -
      HighResImage: "../images/high_res/new_cracker_z4_0004.jpg"
      KinectColorImage: "../images/kinect/new_cracker_0004.jpg"
      KinectDepthPointCloud: "../point_clouds/new_cracker_0004.spc"
      BoxFilter:
         Transform: !!opencv-matrix
            rows: 4
            cols: 4
            dt: f
            data: [ 1., 0., 0., -3.59654948e-02, 0., 1., 0.,
                -9.63603780e-02, 0., 0., 1., 7.75314987e-01, 0., 0., 0.,
                1. ]
         Dimensions: !!opencv-matrix
            rows: 3
            cols: 1
            dt: f
            data: [ 1.74629897e-01, 2.16781944e-01, 1.94629893e-01 ]
KeyPoints:
   -
      FrameInstances:
         -
            FrameIndex: 0
            Pos: [ -2.7389021590352058e-02, -1.2806499004364014e-01,
                5.8697706460952759e-01 ]
         -
            FrameIndex: 1
            Pos: [ -3.1377315521240234e-02, -7.1254514157772064e-02,
                5.0780099630355835e-01 ]
         -
            FrameIndex: 2
            Pos: [ -6.4593032002449036e-02, -1.4385300874710083e-01,
                7.2689008712768555e-01 ]
         -
            FrameIndex: 8
            Pos: [ -3.0358778312802315e-02, -1.2200859189033508e-01,
                6.4817976951599121e-01 ]
      ModelInstance:
         Pos: [ -3.4221053123474121e-02, 5.4528083652257919e-02,
             -1.2312397360801697e-02 ]
   -
      FrameInstances:
         -
            FrameIndex: 0
            Pos: [ 1.2570571154356003e-02, -1.2062165141105652e-01,
                5.7996928691864014e-01 ]
         -
            FrameIndex: 1
            Pos: [ -7.9435668885707855e-04, -4.7997474670410156e-02,
                4.9697262048721313e-01 ]
         -
            FrameIndex: 2
            Pos: [ -3.5274036228656769e-02, -1.3108061254024506e-01,
                6.9799423217773438e-01 ]
         -
            FrameIndex: 8
            Pos: [ -5.4389815777540207e-03, -1.3020928204059601e-01,
                6.7191106081008911e-01 ]
      ModelInstance:
         Pos: [ -3.4582760185003281e-02, 4.9353949725627899e-02,
             2.8083143755793571e-02 ]
   -
      FrameInstances:
         -
            FrameIndex: 0
            Pos: [ 1.7503462731838226e-02, 5.6618377566337585e-03,
                6.0701817274093628e-01 ]
         -
            FrameIndex: 2
            Pos: [ -3.6021031439304352e-02, -2.4880878627300262e-03,
                7.1602028608322144e-01 ]
         -
            FrameIndex: 8
            Pos: [ 8.0126915127038956e-03, -1.0026842355728149e-03,
                7.0596975088119507e-01 ]
      ModelInstance:
         Pos: [ -3.4168809652328491e-02, -8.1928029656410217e-02,
             3.1346976757049561e-02 ]
   -
      FrameInstances:
         -
            FrameIndex: 0
            Pos: [ -3.7357077002525330e-02, -3.2582953572273254e-03,
                6.1392837762832642e-01 ]
         -
            FrameIndex: 2
            Pos: [ -7.6690092682838440e-02, -1.8485382199287415e-02,
                7.5595343112945557e-01 ]
         -
            FrameIndex: 8
            Pos: [ -3.1431600451469421e-02, 4.7732740640640259e-03,
                6.6879671812057495e-01 ]
      ModelInstance:
         Pos: [ -3.4167729318141937e-02, -7.4476480484008789e-02,
             -2.4086866527795792e-02 ]
   -
      FrameInstances:
         -
            FrameIndex: 0
            Pos: [ 1.8262693658471107e-02, -1.6306248307228088e-01,
                5.7004314661026001e-01 ]
         -
            FrameIndex: 1
            Pos: [ 6.5394174307584763e-03, -7.6287209987640381e-02,
                4.7001188993453979e-01 ]
         -
            FrameIndex: 2
            Pos: [ -2.9415959492325783e-02, -1.7388597130775452e-01,
                6.9098186492919922e-01 ]
      ModelInstance:
         Pos: [ -3.4182582050561905e-02, 8.9569672942161560e-02,
             3.3794999122619629e-02 ]
   -
      FrameInstances:
         -
            FrameIndex: 0
            Pos: [ -3.0897142365574837e-02, -1.1463379859924316e-01,
                5.8898890018463135e-01 ]
         -
            FrameIndex: 1
            Pos: [ -3.6090038716793060e-02, -6.3582748174667358e-02,
                5.2301198244094849e-01 ]
         -
            FrameIndex: 2
            Pos: [ -6.7674666643142700e-02, -1.3060452044010162e-01,
                7.2997009754180908e-01 ]
         -
            FrameIndex: 8
            Pos: [ -3.2472327351570129e-02, -1.0791315138339996e-01,
                6.4895415306091309e-01 ]
      ModelInstance:
         Pos: [ -3.4149050712585449e-02, 4.1662912815809250e-02,
             -1.6360640525817871e-02 ]
   -
      FrameInstances:
         -
            FrameIndex: 0
            Pos: [ 2.1373946219682693e-03, -1.1357187479734421e-01,
                5.8402425050735474e-01 ]
         -
            FrameIndex: 1
            Pos: [ -9.4580370932817459e-03, -4.7476857900619507e-02,
                5.0698935985565186e-01 ]
         -
            FrameIndex: 2
            Pos: [ -4.3120697140693665e-02, -1.2533582746982574e-01,
                7.0596808195114136e-01 ]
         -
            FrameIndex: 8
            Pos: [ -8.5953231900930405e-03, -1.1566519737243652e-01,
                6.6997033357620239e-01 ]
      ModelInstance:
         Pos: [ -3.4179508686065674e-02, 4.1578169912099838e-02,
             1.7352990806102753e-02 ]
   -
      FrameInstances:
         -
            FrameIndex: 0
            Pos: [ 1.9094955176115036e-02, -6.0220163315534592e-02,
                5.9200036525726318e-01 ]
         -
            FrameIndex: 1
            Pos: [ 6.5035000443458557e-04, -2.5298818945884705e-03,
                5.3502863645553589e-01 ]
         -
            FrameIndex: 2
            Pos: [ -3.2621964812278748e-02, -6.9136582314968109e-02,
                7.0600420236587524e-01 ]
      ModelInstance:
         Pos: [ -3.4191340208053589e-02, -1.1791793629527092e-02,
             3.3971980214118958e-02 ]
   -
      FrameInstances:
         -
            FrameIndex: 1
            Pos: [ 2.3969057947397232e-02, -7.6179750263690948e-02,
                4.9301117658615112e-01 ]
         -
            FrameIndex: 2
            Pos: [ -9.3044396489858627e-03, -1.5672338008880615e-01,
                7.0595479011535645e-01 ]
         -
            FrameIndex: 4
            Pos: [ -3.6796651780605316e-02, -1.4980423450469971e-01,
                6.8197703361511230e-01 ]
   -
      FrameInstances:
         -
            FrameIndex: 1
            Pos: [ 3.8376085460186005e-02, -8.6033195257186890e-02,
                5.1101219654083252e-01 ]
         -
            FrameIndex: 2
            Pos: [ 6.8841315805912018e-03, -1.5639612078666687e-01,
