%YAML:1.0
cameraMatrix: !!opencv-matrix
   rows: 3
   cols: 3
   dt: d
   data: [ 5.3621330994342716e+003, 0., 1.2928238264283418e+003, 0.,
       5.3364884931837059e+003, 1.0007537780445807e+003, 0., 0., 1. ]
distCoeffs: !!opencv-matrix
   rows: 1
   cols: 5
   dt: d
   data: [ -5.4269058096044258e-002, -3.0696730491184185e+000,
       3.3740187111339424e-003, 9.0563923733396803e-003,
       2.8308869817138696e+001 ]
