%YAML:1.0
cameraMatrix: !!opencv-matrix
   rows: 3
   cols: 3
   dt: d
   data: [ 5.3389503004953804e+003, 0., 1.2984294742780539e+003, 0.,
       5.3069242136488865e+003, 9.3305488418032905e+002, 0., 0., 1. ]
distCoeffs: !!opencv-matrix
   rows: 1
   cols: 5
   dt: d
   data: [ -1.6711284894428929e-001, -4.7853607195967768e-001,
       -1.3242131777144221e-004, 6.7757086270596872e-003,
       -5.6437853268995641e-001 ]
