%YAML:1.0
cameraMatrix: !!opencv-matrix
   rows: 3
   cols: 3
   dt: d
   data: [ 5.3506787621986959e+003, 0., 1.2926006417782507e+003, 0.,
       5.3129088616187137e+003, 8.9196677854429618e+002, 0., 0., 1. ]
distCoeffs: !!opencv-matrix
   rows: 1
   cols: 5
   dt: d
   data: [ -2.2215538627803949e-001, 1.2353084787505226e+000,
       -5.6592321782120603e-004, 6.0681024889790583e-003,
       -2.0252268241255386e+001 ]
