%YAML:1.0
cameraMatrix: !!opencv-matrix
   rows: 3
   cols: 3
   dt: d
   data: [ 5.4287841379301708e+03, 0., 1.1334828639688128e+03, 0.,
       5.4482901190141474e+03, 8.9944980308528523e+02, 0., 0., 1. ]
distCoeffs: !!opencv-matrix
   rows: 5
   cols: 1
   dt: d
   data: [ -1.4212294807249565e-01, -1.5966061074059472e+00,
       1.3286674068905912e-04, 2.5960083493265919e-03,
       2.5603388292879394e+01 ]
