%YAML:1.0
cameraMatrix: !!opencv-matrix
   rows: 3
   cols: 3
   dt: d
   data: [ 5.0062749191006668e+002, 0., 3.2526932015821927e+002, 0.,
       4.9977381449929777e+002, 2.5940551801007649e+002, 0., 0., 1. ]
distCoeffs: !!opencv-matrix
   rows: 1
   cols: 5
   dt: d
   data: [ 4.5893506329986331e-002, -3.9606119051555165e-002,
       3.7096622738643425e-003, 4.1504663329481693e-003,
       -3.5573700941935416e-001 ]
