%YAML:1.0
R: !!opencv-matrix
   rows: 3
   cols: 3
   dt: d
   data: [ 9.2718385847205054e-01, 1.3073581133088279e-02,
       3.7437838354429209e-01, 0., 9.9939082702853255e-01,
       -3.4899496432266482e-02, -3.7460658375004635e-01,
       3.2358249760800400e-02, 9.2661904312588850e-01 ]
T: !!opencv-matrix
   rows: 3
   cols: 1
   dt: d
   data: [ -6.5139352806398398e-01, 1.0000000000000001e-01,
       1.8387895909090804e-01 ]
