%YAML:1.0
R: !!opencv-matrix
   rows: 3
   cols: 3
   dt: d
   data: [ 9.9452189545306657e-01, 3.6479907027244687e-03,
       1.0446478654681943e-01, 0., 9.9939082702853255e-01,
       -3.4899496432266482e-02, -1.0452846246089965e-01,
       3.4708313342175202e-02, 9.9391605959482399e-01 ]
T: !!opencv-matrix
   rows: 3
   cols: 1
   dt: d
   data: [ -7.8305127432548347e-02, 1.0000000000000001e-01,
       -4.4646467024529110e-02 ]
