%YAML:1.0
cameraMatrix: !!opencv-matrix
   rows: 3
   cols: 3
   dt: d
   data: [ 5.9983285706867564e+03, 0., 1.1351274644909713e+03, 0.,
       5.9980610539188920e+03, 8.5355317664907886e+02, 0., 0., 1. ]
distCoeffs: !!opencv-matrix
   rows: 1
   cols: 5
   dt: d
   data: [ -3.5382041696775862e-02, 1.2762568936073824e+00,
       8.7174926587644511e-04, 1.8920266873078068e-03,
       1.1694521868581291e+00 ]
