%YAML:1.0
DepthCameraCalibrationMtx: !!opencv-matrix
   rows: 3
   cols: 3
   dt: d
   data: [ 575., 0., 320., 0., 575., 240., 0., 0., 1. ]
ColorCameraCalibrationMtx: !!opencv-matrix
   rows: 3
   cols: 3
   dt: d
   data: [ 575., 0., 320., 0., 575., 240., 0., 0., 1. ]
DepthToColorCameraRotation: !!opencv-matrix
   rows: 3
   cols: 3
   dt: d
   data: [ 9.3969262425897671e-01, 0., -3.4202013378349166e-01, 0., 1.,
       0., 3.4202013378349166e-01, 0., 9.3969262425897671e-01 ]
DepthToColorCameraTranslation: !!opencv-matrix
   rows: 3
   cols: 1
   dt: d
   data: [ 6.5000000000000002e-01, 0., 0. ]
