%YAML:1.0
R: !!opencv-matrix
   rows: 3
   cols: 3
   dt: d
   data: [ 9.9939080299089866e-01, -1.2472073852799119e-03,
       3.4877892295047598e-02, 2.2754177749292328e-05,
       9.9938432320861215e-01, 3.5085239162809326e-02,
       -3.4900177355627178e-02, -3.5063071722286926e-02,
       9.9877552964714922e-01 ]
T: !!opencv-matrix
   rows: 3
   cols: 1
   dt: d
   data: [ -2.8338184698937268e-02, -1.0000090504032512e-01,
       -4.7964236922446023e-02 ]
E: !!opencv-matrix
   rows: 3
   cols: 3
   dt: d
   data: [ 3.4911407084031207e-03, 5.1441045360678769e-02,
       -9.8195620173159318e-02, -4.8924024924698467e-02,
       -9.3380245205926130e-04, 2.6630593942524591e-02,
       9.9939339975975386e-02, -2.8445459403609038e-02,
       2.4935688078016639e-03 ]
F: !!opencv-matrix
   rows: 3
   cols: 3
   dt: d
   data: [ 3.1973846456180509e-08, 4.7113259323854120e-07,
       -5.8337566523111953e-03, -4.4807396539344214e-07,
       -8.5524072795666671e-09, 1.9798516076630465e-03,
       6.2360428308489140e-04, -2.9851066197584262e-04, 1. ]
