%YAML:1.0
R: !!opencv-matrix
   rows: 3
   cols: 3
   dt: d
   data: [ 9.9456157172334114e-01, 3.4990290209025192e-03,
       1.0409148306709960e-01, 1.2389051586990146e-04,
       9.9939504286731007e-01, -3.4778340147103314e-02,
       -1.0415020260343942e-01, 3.4602096586166899e-02,
       9.9395947111011729e-01 ]
T: !!opencv-matrix
   rows: 3
   cols: 1
   dt: d
   data: [ -7.8094600650394766e-02, 1.0009700149881574e-01,
       -4.4451093823051249e-02 ]
E: !!opencv-matrix
   rows: 3
   cols: 3
   dt: d
   data: [ -1.0419615917153719e-02, 4.7887768930634844e-02,
       9.7946427408582643e-02, -5.2342918217448860e-02,
       2.5467012472653750e-03, 7.2995887679026011e-02,
       -9.9562306315817042e-02, -7.8397599077856414e-02,
       -7.7032447515097986e-03 ]
F: !!opencv-matrix
   rows: 3
   cols: 3
   dt: d
   data: [ 4.7224961236870605e-08, -2.1705204044823156e-07,
       -2.5311421336154500e-03, 2.3723449151079139e-07,
       -1.1542962106497073e-08, -2.2439271664388798e-03,
       1.8741907027588738e-04, 2.7654649167404319e-04, 1. ]
