%YAML:1.0
R: !!opencv-matrix
   rows: 3
   cols: 3
   dt: d
   data: [ 9.9453033841097382e-01, 1.3612002902658451e-04,
       1.0444801315243681e-01, 3.5525411366495278e-03,
       9.9937647509448990e-01, -3.5128912297205508e-02,
       -1.0438766896346678e-01, 3.5307824898314563e-02,
       9.9390974040368663e-01 ]
T: !!opencv-matrix
   rows: 3
   cols: 1
   dt: d
   data: [ -7.3017251942173234e-02, 9.8204024889776920e-02,
       5.5862590177455658e-02 ]
E: !!opencv-matrix
   rows: 3
   cols: 3
   dt: d
   data: [ -1.0449743390679292e-02, -5.2360387946075747e-02,
       9.9568328915833920e-02, 4.7934939989336886e-02,
       2.5856843635268267e-03, 7.8407294476420059e-02,
       -9.7926278898159219e-02, -7.2985091401773908e-02,
       -7.6921986436500897e-03 ]
F: !!opencv-matrix
   rows: 3
   cols: 3
   dt: d
   data: [ -2.3390643224845423e-07, -1.1720317980760861e-06,
       1.6376583199614282e-03, 1.0730206903631626e-06,
       5.7880385819403884e-08, 6.5194901005278096e-04,
       -3.8869180928924711e-03, -2.3995582439565802e-03, 1. ]
