%YAML:1.0
cameraMatrix: !!opencv-matrix
   rows: 3
   cols: 3
   dt: d
   data: [ 3.8829641492119536e+003, 0., 1.2589621717757432e+003, 0.,
       3.8678288393025177e+003, 9.5925653108144650e+002, 0., 0., 1. ]
distCoeffs: !!opencv-matrix
   rows: 1
   cols: 5
   dt: d
   data: [ -2.3012164476206590e-001, 1.9269605571887907e+000,
       -3.7029723969135840e-004, 9.1031453775240554e-003,
       -1.3796793028002382e+001 ]
