%YAML:1.0
R: !!opencv-matrix
   rows: 3
   cols: 3
   dt: d
   data: [ 8.4940458998706159e-001, -7.8294439227590079e-002,
       -5.2190212041622219e-001, -1.0607640011930630e-001,
       9.4342167206096506e-001, -3.1417088665791687e-001,
       5.1697160448775192e-001, 3.2221969131592504e-001,
       7.9304150627922954e-001 ]
T: !!opencv-matrix
   rows: 3
   cols: 1
   dt: d
   data: [ -1.2084162625106530e-001, -1.6019580720546833e-001,
       4.8100001291852940e-001 ]
E: !!opencv-matrix
   rows: 3
   cols: 3
   dt: d
   data: [ -3.1793933655484108e-002, -5.0540407999679626e-001,
       2.4074276295242197e-002, 4.7103530816875727e-001,
       1.2779252288128012e-003, -1.5520250135903427e-001,
       1.4888949863428286e-001, -1.2654704998410951e-001,
       -4.5641610597840457e-002 ]
F: !!opencv-matrix
   rows: 3
   cols: 3
   dt: d
   data: [ -3.6857639633397898e-003, -5.8589797826283728e-002,
       2.7908500084947402e-003, 5.4664763735574010e-002,
       1.4830625113086720e-004, -1.8011618069450792e-002,
       -3.9493694736136051e+000, 1.1185113753508936e+001, 1. ]
