%YAML:1.0
R: !!opencv-matrix
   rows: 3
   cols: 3
   dt: d
   data: [ 9.9888702613992308e-001, -8.6352087438024486e-003,
       -4.6369625610862053e-002, 7.0098419683857589e-003,
       9.9935917453421896e-001, -3.5101316070236262e-002,
       4.6643017965380562e-002, 3.4737205475330428e-002,
       9.9830744534479243e-001 ]
T: !!opencv-matrix
   rows: 3
   cols: 1
   dt: d
   data: [ 2.9865280797547748e-002, -5.7593486583990952e-002,
       -1.2327741943142361e-002 ]
E: !!opencv-matrix
   rows: 3
   cols: 3
   dt: d
   data: [ -2.5999185065775257e-003, 1.0319205234660839e-002,
       -5.7928726426542135e-002, -1.3707028317387024e-002,
       -9.3098377062409310e-004, -2.9243099398973946e-002,
       5.7738737437644551e-002, 2.9348810586133828e-002,
       -3.7188990713249480e-003 ]
F: !!opencv-matrix
   rows: 3
   cols: 3
   dt: d
   data: [ -3.5675704186215389e-008, 1.4109168390346084e-007,
       -4.4017509856344684e-003, -1.8808584866376161e-007,
       -1.2729087419515493e-008, -1.9537645394617021e-003,
       5.0916037389681253e-004, 1.8714201570592140e-004, 1. ]
