%YAML:1.0
R: !!opencv-matrix
   rows: 3
   cols: 3
   dt: d
   data: [ 9.9942877060595103e-01, -9.3318037613467110e-03,
       -3.2481532039562735e-02, 8.9676717986659285e-03,
       9.9989550850403430e-01, -1.1338118713881030e-02,
       3.2583943094549456e-02, 1.1040358328349801e-02,
       9.9940802335202050e-01 ]
T: !!opencv-matrix
   rows: 3
   cols: 1
   dt: d
   data: [ -3.6183551070306129e-03, -7.4356081573060923e-02,
       -1.0656799357482108e-02 ]
E: !!opencv-matrix
   rows: 3
   cols: 3
   dt: d
   data: [ -2.3272476516481609e-03, 9.8347680281164387e-03,
       -7.4432892565359551e-02, -1.0532811603539274e-02,
       1.3939509726890122e-04, 3.9623622950724002e-03,
       7.4281158972589217e-02, -4.3118533813950371e-03,
       -2.3741741061992275e-03 ]
F: !!opencv-matrix
   rows: 3
   cols: 3
   dt: d
   data: [ -3.1061010832460625e-08, 1.3079147961475509e-07,
       -5.4755578491113279e-03, -1.4073044390920465e-07,
       1.8558103329136315e-09, 4.4525542669970728e-04,
       5.5599884399570604e-04, -7.1872657403162119e-05, 1. ]
