%YAML:1.0
R: !!opencv-matrix
   rows: 3
   cols: 3
   dt: d
   data: [ 9.9901148261329842e-01, -7.7278207134871511e-03,
       -4.3776002487657603e-02, 7.8579403862215104e-03,
       9.9996520270625333e-01, 2.8010979147963903e-03,
       4.3752832818753515e-02, -3.1423181987008724e-03,
       9.9903744447176368e-01 ]
T: !!opencv-matrix
   rows: 3
   cols: 1
   dt: d
   data: [ 2.8418576361045420e-02, -9.1097322243143028e-02,
       -1.1656332005026002e-02 ]
E: !!opencv-matrix
   rows: 3
   cols: 3
   dt: d
   data: [ -3.8941711483228528e-03, 1.1942183169754761e-02,
       -9.0976985484736914e-02, -1.2888202738645669e-02,
       1.7937825359220659e-04, -2.7880954284415508e-02,
       9.1230582435130103e-02, 2.7713603697722147e-02,
       -3.9082733901483688e-03 ]
F: !!opencv-matrix
   rows: 3
   cols: 3
   dt: d
   data: [ -3.6213270726391217e-08, 1.1065697467696497e-07,
       -4.6513816081006640e-03, -1.1985193994216920e-07,
       1.6621294639130800e-09, -1.2731919176389335e-03,
       5.2500583528521528e-04, 1.1088944234961819e-04,
       9.9999999999999989e-01 ]
