%YAML:1.0
R: !!opencv-matrix
   rows: 3
   cols: 3
   dt: d
   data: [ 9.9960849538963670e-01, -8.6581917675847032e-03,
       -2.6606233483573660e-02, 7.9692202439859972e-03,
       9.9963295626421678e-01, -2.5892938789666496e-02,
       2.6820653861707983e-02, 2.5670770650260979e-02,
       9.9931059439027869e-01 ]
T: !!opencv-matrix
   rows: 3
   cols: 1
   dt: d
   data: [ 2.8464909549140757e-02, -6.0336908833799982e-02,
       -1.2288994766185895e-02 ]
E: !!opencv-matrix
   rows: 3
   cols: 3
   dt: d
   data: [ -1.5203416410478534e-03, 1.0735589219219709e-02,
       -6.0613510419644100e-02, -1.3047631054300533e-02,
       -6.2431569129993382e-04, -2.8118321816789811e-02,
       6.0540129789238721e-02, 2.7932053155054794e-02,
       -2.3423780447184754e-03 ]
F: !!opencv-matrix
   rows: 3
   cols: 3
   dt: d
   data: [ -1.9001489046156496e-08, 1.3369485001242980e-07,
       -4.2113327317644675e-03, -1.6307151460114839e-07,
       -7.7748681986283868e-09, -1.7159925678104399e-03,
       4.7746031538041278e-04, 1.5779809453801019e-04, 1. ]
