%YAML:1.0
R: !!opencv-matrix
   rows: 3
   cols: 3
   dt: d
   data: [ 9.9985827240969338e-001, -9.7414131506135277e-003,
       -1.3730985533906205e-002, 1.0391564141024429e-002,
       9.9878839674309561e-001, 4.8101496089619569e-002,
       1.3245772480541210e-002, -4.8237365197383711e-002,
       9.9874806938997784e-001 ]
T: !!opencv-matrix
   rows: 3
   cols: 1
   dt: d
   data: [ 1.7489091402139834e-002, -1.0510065585545585e-001,
       4.7909106361987280e-002 ]
E: !!opencv-matrix
   rows: 3
   cols: 3
   dt: d
   data: [ -1.8899899267167818e-003, -4.2781280813699550e-002,
       -1.0727357681958528e-001, 4.7670659794184722e-002,
       3.7692529018663754e-004, -1.8125035519670842e-002,
       1.0526749920783539e-001, 1.6444072650948258e-002,
       -6.0188412346429024e-004 ]
F: !!opencv-matrix
   rows: 3
   cols: 3
   dt: d
   data: [ -1.3737586717282069e-008, -3.1317079306243052e-007,
       -3.8749845508069558e-003, 3.4709097216495337e-007,
       2.7639103032970331e-009, -1.1572375843618414e-003,
       2.9748506371681199e-004, 1.6141098888617533e-004, 1. ]
