%YAML:1.0
R: !!opencv-matrix
   rows: 3
   cols: 3
   dt: d
   data: [ 9.9985827216124779e-001, 1.0391562819674275e-002,
       1.3245792271094644e-002, -9.7414067329051664e-003,
       9.9878838224248367e-001, -4.8237666737793707e-002,
       -1.3731008178146908e-002, 4.8101797467528205e-002,
       9.9874805456371452e-001 ]
T: !!opencv-matrix
   rows: 3
   cols: 1
   dt: d
   data: [ -1.7029067137805519e-002, 1.0745498249200529e-001,
       -4.2553416954173917e-002 ]
E: !!opencv-matrix
   rows: 3
   cols: 3
   dt: d
   data: [ -1.8899953858058679e-003, 4.7670636283256476e-002,
       1.0526777717147846e-001, -4.2781212210492900e-002,
       3.7693223305257069e-004, 1.6444093953517883e-002,
       -1.0727386606030223e-001, -1.8125059618520088e-002,
       -6.0188391113423685e-004 ]
F: !!opencv-matrix
   rows: 3
   cols: 3
   dt: d
   data: [ -4.8768446277590610e-008, 1.2321691238100159e-006,
       1.0560730108456345e-003, -1.1117516275598234e-006,
       9.8120366700336425e-009, 5.7300716364286808e-004,
       -3.8749860712063988e-003, -1.1572353234817472e-003, 1. ]
