%YAML:1.0
cameraMatrix: !!opencv-matrix
   rows: 3
   cols: 3
   dt: d
   data: [ 5.7126531367850112e+002, 0., 3.1999998881220728e+002, 0.,
       5.7126532390845216e+002, 2.3999996939578094e+002, 0., 0., 1. ]
distCoeffs: !!opencv-matrix
   rows: 5
   cols: 1
   dt: d
   data: [ 6.1975700444076998e-007, -2.9598556633534974e-006,
       -8.2893175555717130e-010, -4.6125195006197795e-009,
       4.3358489024143014e-006 ]
