%YAML:1.0
cameraMatrix: !!opencv-matrix
   rows: 3
   cols: 3
   dt: d
   data: [ 5.1440414499846827e+002, 0., 3.2035472566118591e+002, 0.,
       5.1384685450493885e+002, 2.5626874610648275e+002, 0., 0., 1. ]
distCoeffs: !!opencv-matrix
   rows: 5
   cols: 1
   dt: d
   data: [ 6.1446526929411438e-002, -2.8425915531930845e-001,
       -9.3467518823759309e-004, -2.7827212029508429e-003,
       3.5031122999767000e-001 ]