%YAML:1.0
DepthCameraCalibrationMtx: !!opencv-matrix
   rows: 3
   cols: 3
   dt: d
   data: [ 5.7126531367850112e+002, 0., 3.1999998881220728e+002, 0.,
       5.7126532390845216e+002, 2.3999996939578094e+002, 0., 0., 1. ]
DepthCameraDistortionCoeffs: !!opencv-matrix
   rows: 1
   cols: 5
   dt: d
   data: [ 6.1975700444076998e-007, -2.9598556633534974e-006,
       -8.2893175555717130e-010, -4.6125195006197795e-009,
       4.3358489024143014e-006 ]
ColorCameraCalibrationMtx: !!opencv-matrix
   rows: 3
   cols: 3
   dt: d
   data: [ 5.1440414499846827e+002, 0., 3.2035472566118591e+002, 0.,
       5.1384685450493885e+002, 2.5626874610648275e+002, 0., 0., 1. ]
ColorCameraDistortionCoeffs: !!opencv-matrix
   rows: 1
   cols: 5
   dt: d
   data: [ 6.1446526929411438e-002, -2.8425915531930845e-001,
       -9.3467518823759309e-004, -2.7827212029508429e-003,
       3.5031122999767000e-001 ]
DepthToColorCameraRotation: !!opencv-matrix
   rows: 3
   cols: 3
   dt: d
   data: [ 9.9999963365828293e-001, 4.3121807377748007e-005,
       -8.5488233676511867e-004, -4.1241665628194409e-005,
       9.9999758091838697e-001, 2.1991945114210442e-003,
       8.5497510197708423e-004, -2.1991584489928660e-003,
       9.9999721635597127e-001 ]
DepthToColorCameraTranslation: !!opencv-matrix
   rows: 3
   cols: 1
   dt: d
   data: [ 2.1833501908016716e-002, 4.2701240927287573e-004,
       -9.8561220630288241e-004 ]
DepthToColorCameraEssentialMatrix: !!opencv-matrix
   rows: 3
   cols: 3
   dt: d
   data: [ 3.2443668911214692e-007, 9.8467075407883951e-004,
       4.2917877357682332e-004, -9.6694474471169082e-004,
       -4.8057831571826167e-005, 2.1834283713785572e-002,
       -4.2611180285523353e-004, -2.1833467504540564e-002,
       -4.7651072194944360e-005 ]
DepthToColorCameraFundamentalMatrix: !!opencv-matrix
   rows: 3
   cols: 3
   dt: d
   data: [ -6.0817385081568204e-010, -1.8458177316769623e-006,
       -1.6402679059163080e-005, 1.8145552526168622e-006,
       9.0184666314551167e-008, -2.4009279812798587e-002,
       -5.3928746642224592e-005, 2.1621736117860252e-002, 1. ]
